6459
7959
10494
11356
11786
16960
16903
20314
20508
21078
35371
36162
37824
39115
40386
41931
51222
51606
52430
53416
54702
57109
60346
63264
65780
66550
68337
70048
72927
74521
75480
77299
79453
80864
81958
83529
83708
111846
112599
113219
115724
117099
117549
118645
121551
131260
135582
136464
136917
141225
142670
146694
148795
149601
150953
151599
152231
152812
155426
156201
156883
157732
159126
160112
160604
161486
162031
174882
177624
178462
179153
184095
185069
185947
188650
189506
213932
214125
217003
218775
219594
219995
220928
221621
222645
230881
233955
234782
236002
238736
239102
240189
243303
245805
246239
246502
250070
255716
260100
263212
263669
264007
264247
264732
265206
265543
266087
266553
266774
266967
268005
268960
270182
275117
278802
279161
279681
279875
280362
280735
281983
289162
290305
291152
291346
292948
293918
294799
295579
297096
297719
297791
298726
300934
301887
302573
304182
305205
306817
309332
310026
310671
311336
312514
312777
313242
313805
317169
318319
318567
320001
325364
327247
328733
329334
334433
335022
346337
348443
358690
361860
363179
366305
367510
368420
378368
379571
379881
380842
382872
381260
383935
384616
389727
392605
392901
396287
399333
400923
405644
410019
412481
415753
416952
424918
432013
432851
438135
440177
441101
441343
443641
444515
446666
447705
448046
448660
450641
451610
453545
454167
465547
467312
475161
476371
478617
479251
479918
480308
480708
484403
485619
490271
490812
499973
503238
504696
507082
508080
511379
514859
515773
518279
519149
519765
530016
531226
532221
544046
545292
546363
552594
553100
553940
554437
556553
556873
557741
564480
565978
566079
566376
576825
574586
575753
578893
579594
580445
582806
585633
586908
587981
590954
593178
594770
595443
604663
605424
605886
606199
607383
610079
612494
620199
621188
622189
624510
633477
635376
636569
637618
638573
641867
643967
645003
646580
647509
648035
649571
650490
650783
651856
655968
657938
660216
661378
662278
662642
663963
665190
666313
668217
668715
669036
669907
670572
671605
672186
674783
676547
679406
683393
684412
685255
685929
686669
687747
689013
690881
691784
692341
693378
694955
696504
696616
696740
696830
696939
697047
697133
699177
700326
701594
702751
703611
710646
710725
711465
711898
712802
716597
716870
718265
720460
721733
724414
724979
727036
728732
728821
742556
747769
748982
749707
752169
752795
754468
765875
784823
785317
787595
788837
789979
791029
792055
793788
794644
798431
800575
807281
807909
809257
816647
822498
823739
824497
826108
827252
828981
829972
830643
832950
837925
838456
839207
841531
842056
845480
846463
847119
848004
848911
850097
852597
852997
855744
859061
860028
862606
863511
865129
866364
878035
880480
882734
883388
885230
886131
887339
888054
889819
890753
900575
901534
902250
902988
903734
904467
906753
908282
909294
911049
912150
913814
914857
916047
919120
922590
925971
926443
927432
929195
930962
932050
945557
949568
951080
953554
954466
956632
973401
985709
986982
988985
990356
994044
994832
995988
996944
997512
1007600
1016470
1018299
1020053
1020919
1023883
1024348
1027015
1027773
1028721
1029969
1030668
1031418
1031712
1044210
1044676
1045803
1047945
1048691
1049332
1049744
1051175
1053362
1056178
1057954
1062855
1063775
1067091
1067708
1069839
1070354
1070955
1071765
1072159
1072863
1074011
1078882
1086519
1087846
1089857
1092289
1095141
1095437
1097652
1101684
1102127
1102541
1103196
1108941
1114181
1115490
1116582
1118476
1119046
1119447
1120586
1120955
1121487
1122607
1123273
1124054
1125326
1129830
1130128
1130863
1144367
1146595
1161551
1168832
1170374
1173964
1175165
1181267
1181725
1182829
1183620
1184444
1185594
1188240
1189776
1190447
1191986
1192631
1193773
1194288
1194951
1197532
1198237
1200806
1201032
1202084
1202933
1209119
1209619
1212003
1213107
1214059
1215475
1222634
1222988
1223163
1224545
1225361
1226080
1227472
1230394
1233030
1234717
1237241
1242071
1243080
1244527
1247376
1249114
1249757
1250838
1255952
1257812
1258513
1260803
1261875
1262877
1263500
1269275
1269810
1270345
1271849
1273599
1275829
1277618
1287236
1287176
1287328
1287622
1288624
1289132
1292922
1295322
1298121
1307150
1308645
1310269
1310865
1312246
1312890
1313663
1315224
1315770
1316035
1317222
1318415
1319788
1321384
1322946
1323082
1328357
1329112
1330668
1339160
1343328
1344346
1344609
1346742
1348912
1350107
1351039
1351760
1352634
1353628
1354518
1355470
1357110
1357668
1359187
1360908
1367912
1383961
1388811
1390598
1390862
1390933
1391853
1395922
1398622
1399526
1400236
1401773
1403255
1404565
1405751
1407795
1411948
1413235
1413452
1413740
1413927
1414793
1417386
1417763
1418008
1418229
1419311
1419456
1420241
1428726
1433674
1434224
1435008
1435619
1436893
1440784
1441743
1442843
1447283
1451349
1453642
1465230
1468826
1469149
1482860
1490713
1491506
1492071
1492129
1495071
1500449
1503649
1506080
1509064
1517194
1518331
1518846
1523065
1525980
1533851
1535858
1536617
1537309
1538853
1542590
1544060
1545714
1546028
1547169
1552682
1553838
1555669
1555963
1556280
1558038
1559017
1559910
1560929
1562481
1563076
1565733
1567140
1568823
1570489
1572045
1575202
1577619
1579342
1580790
1582524
1583687
1583959
1586486
1587734
1588296
1588839
1590079
1590536
1592176
1592442
1597987
1600209
1601241
1609022
1610680
1611854
1612325
1613251
1614703
1618908
1621137
1622914
1623850
1624497
1627380
1630913
1652838
1632285
1634885
1635847
1636367
1637782
1638109
1638667
1639527
1639334
1640057
1640365
1640585
1641554
1643241
1644304
1644902
1645274
1645633
1645872
1647356
1647636
1647850
1653915
1655141
1655673
1657457
1667219
1668564
1669592
1673149
1673501
1676360
1677903
1682030
1686588
1688377
1692851
1694263
1696071
1697052
1698040
1699180
1704308
1715889
1717222
1718007
1718395
1719602
1720824
1724655
1725632
1725920
1734101
1737290
1737545
1739798
1743242
1746127
1749559
1750348
1751013
1751724
1753830
1754477
1755141
1758725
1759290
1760523
1761791
1762512
1764009
1764386
1764780
1765122
1765632
1768685
1779301
1787112
1791244
1792020
1792731
1793558
1794109
1795152
1795552
1797944
1798942
1799270
1799749
1799999
1800638
1802570
1806083
1809233
1813132
1813663
1817135
1818500
1819447
1819805
1821214
1821619
1822256
1824937
1825625
1826923
1828259
1829734
1830765
1831982
1841403
1842135
1844871
1846960
1848008
1848676
1853979
1854854
1855971
1856928
1857769
1858833
1860229
1861332
1861974
1862429
1865636
1866472
1874182
1875576
1877532
1879255
1879585
1879948
1880759
1881809
1887991
1889746
1890532
1891267
1893235
1894731
1901585
1907060
1907435
1907591
1908548
1908766
1910099
1912576
1914816
1915534
1916128
1922969
1923284
1923706
1924591
1924969
1928839
1929707
1930390
1930747
1932756
1934604
1936314
1940193
1941635
1942583
1945356
1945976
1946180
1947376
1948151
1948632
1950522
1957007
1958132
1959266
1959846
1962972
1965050
1966191
1967037
1967437
1968501
1969364
1970984
1972691
1973339
1975324
1976255
1977139
1977844
1978197
1979021
1979215
1981612
1982387
1983540
1985069
1986128
1987758
1987959
1989490
1991619
1991901
1991987
1992117
1992817
1994706
1995359
1996832
1997814
1998479
1999480
2000385
2001024
2001789
2003606
2008090
2012351
2013014
2024823
2025313
2028017
2028370
2029366
2030918
2032317
2033079
2033484
2038152
2038823
2043557
2053328
2058102
2059690
2060914
2061933
2063323
2064467
2065222
2065764
2066154
2067321
2067892
2068419
2069857
2070180
2078677
2079361
2080591
2081262
2082547
2084453
2085525
2087062
2087114
2088258
2089128
2089465
2089713
2098301
2099613
2101268
2103389
2101744
2102911
2104509
2105084
2106057
2107226
2108329
2109584
2110138
2111019
2111976
2113061
2114327
2115896
2117127
2118404
2120158
2121554
2122979
2124520
2125746
2126222
2127190
2128314
2128888
2129650
2130878
2132070
2132555
2133397
2135652
2136098
2137243
2141612
2142215
2142948
2147540
2150985
2152472
2153128
2153408
2153737
2167520
2167814
2168306
2171727
2170167
2172873
2174278
2174566
2175049
2176321
2177204
2178564
2182781
2183651
2184516
2185301
2185796
2188414
2190910
2191645
2192222
2192796
2194168
2212196
2212962
2214644
2216476
2217407
2218557
2219481
2221989
2224870
2225631
2227270
2228758
2230385
2237753
2239289
2240348
2241668
2242967
2243652
2246769
2248532
2249618
2254145
2255186
2257335
2258367
2259296
2261410
2262365
2263495
2265295
2278237
2279760
2280483
2283947
2290180
2288914
2290081
2292410
2292964
2294904
2295380
2295586
2296320
2297024
2297644
2298259
2298718
2299578
2300260
2302753
2303013
2303497
2306754
2308615
2309341
2310405
2311534
2312749
2319876
2328143
2329797
2334402
2334959
2336644
2339420
2344169
2349472
2351011
2352374
2358845
2360152
2361414
2362211
2363633
2364275
2365620
2373538
2375003
2375962
2376819
2377592
2379259
2380643
2381027
2381543
2385722
2388426
2391505
2393041
2395046
2395345
2395896
2396450
2397442
2400165
2401555
2402052
2403845
2404613
2405072
2406641
2411352
2412089
2412594
2413132
2419176
2419788
2420485
2423539
2424509
2425233
2425916
2426788
2427791
2428626
2430238
2430763
2431684
2432942
2433926
2434741
2435636
2436649
2437851
2440120
2441605
2444169
2444751
2445560
2446384
2447473
2448440
2450049
2450590
2451075
2451584
2452336
2455001
2455646
2456812
2459159
2460469
2460934
2465007
2471517
2472122
2472387
2472881
2473585
2477629
2482176
2483339
2489168
2490186
2491950
2493254
2494402
2495292
2498295
2504485
2505547
2506632
2507894
2508242
2509426
2512706
2517832
2518116
2518231
2520672
2522477
2523985
2524878
2526856
2528159
2530176
2531233
2537237
2539583
2540814
2541679
2542512
2543528
2544623
2545609
2550545
2551216
2551726
2552138
2555182
2555728
2556400
2557297
2558679
2566884
2568107
2569511
2570337
2571751
2572050
2572450
2573505
2574305
2575003
2575457
2575805
2578377
2582777
2583478
2585525
2590866
2593770
2595859
2596737
2597618
2598865
2599760
2615881
2618776
2620160
2620872
2628938
2632535
2634070
2635814
2637356
2638652
2639283
2640575
2641804
2642844
2644283
2644864
2647325
2652287
2654933
2656358
2656736
2657083
2658935
2659467
2659886
2660289
2661531
2662131
2663323
2667846
2668896
2668071
2674688
2675761
2676825
2678361
2679367
2682745
2685507
2687408
2688803
2689506
2691098
2691340
2695543
2697857
2698550
2700197
2700998
2701729
2702469
2703386
2704063
2705309
2707124
2707801
2708754
2709404
2710012
2712764
2715320
2716449
2718528
2725746
2726188
2729184
2729444
2731157
2734173
2734295
2735034
2736011
2740069
2741150
2744530
2745339
2745918
2746185
2747795
2750708
2754298
2754764
2758600
2763540
2765153
2765776
2772154
2773182
2782726
2783304
2785011
2785837
2796786
2797028
2798495
2799994
2814733
2816439
2816940
2817503
2817860
2818135
2818274
2818549
2818645
2819146
2822011
2822639
2823769
2824346
2825576
2832289
2837425
2838105
2839264
2843043
2843446
2844210
2844752
2846471
2847412
2849241
2849849
2850435
2856806
2861234
2867551
2868753
2869519
2870274
2871304
2871780
2872490
2872820
2873337
2873992
2875419
2876329
2878853
2879772
2880387
2881048
2882142
2882637
2884138
2887219
2888312
2890099
2891898
2895779
2896555
2897870
2899418
2900273
2905418
2907941
2909666
2910685
2911091
2911339
2913651
2915000
2919385
2920746
2922100
2922984
2923784
2924113
2924524
2925280
2933013
2933688
2941243
2941631
2942567
2943145
2945842
2947178
2949010
2952461
2956003
2958884
2962428
2962764
2963156
2963716
2964177
2965155
2966037
2968434
2968977
2973862
2976014
2976189
2976385
2978899
2980635
2982182
2983258
2984124
2985592
2989899
2990360
2995092
2996020
2996360
2997277
2997600
2998828
2999057
2999891
3005786
3014239
3015057
3029012
3030931
3035174
3036282
3038106
3038822
3039743
3040823
3041070
3043148
3043623
3045901
3049041
3049549
3050667
3052317
3053518
3054840
3055444
3056949
3058410
3059325
3059701
3067173
3068080
3068808
3069807
3071244
3072622
3073691
3074689
3075195
3076182
3077456
3078859
3079330
3081635
3083797
3085911
3086051
3095080
3099565
3100728
3101623
3102133
3102852
3109155
3111126
3112090
3112941
3113477
3114352
3119112
3121279
3123805
3124231
3125459
3126522
3128021
3130143
3132408
3133212
3133957
3136371
3138522
3139964
3140318
3140799
3141286
3142989
3144164
3145140
3146261
3146737
3147691
3149471
3151243
3151984
3155218
3161146
3162669
3163481
3165973
3167718
3168246
3168544
3169231
3169676
3172211
3175396
3176006
3176833
3177280
3177910
3182407
3184466
3191939
3194865
3195240
3196753
3199641
3200965
3204131
3204589
3206256
3210543
3215473
3216491
3219076
3221247
3234144
3234455
3235875
3241744
3243314
3244741
3254214
3256651
3258010
3259649
3260110
3262418
3263660
3265017
3266028
3267065
3270592
3271770
3272751
3273557
3274907
3278665
3293335
3298138
3298846
3299915
3300758
3301276
3305817
3307860
3307933
3308924
3311168
3311684
3312777
3313178
3316014
3317526
3318006
3318289
3321613
3322158
3322505
3324070
3324911
3326935
3327664
3328715
3331754
3332735
3333119
3333451
3336494
3336803
3337256
3337891
3338461
3339248
3340065
3349809
3350459
3353025
3354050
3366718
3369478
3370350
3371036
3372574
3373576
3374489
3376776
3377420
3378207
3378651
3379997
3384268
3386129
3388188
3389126
3389337
3392028
3396258
3397795
3398378
3398875
3399978
3401087
3403332
3413465
3423542
3423655
3423787
3426783
3427033
3427152
3428762
3430023
3430838
3431415
3431962
3432464
3433560
3438649
3439130
3439509
3439999
3441029
3441675
3442098
3442471
3442734
3444097
3444539
3444722
3445229
3445597
3446140
3446545
3446884
3447438
3447767
3448149
3448568
3448759
3449169
3449883
3450233
3450526
3451364
3451684
3452286
3452926
3453270
3453927
3455398
3466725
3466991
3469853
3471329
3473514
3474081
3474552
3474965
3475332
3475718
3476440
3477419
3478497
3478792
3480607
3481161
3485818
3490180
3490829
3491463
3491620
3492297
3506020
3507336
3507701
3508590
3509813
3510976
3511422
3512344
3513638
3514389
3515059
3515913
3517306
3518486
3519064
3520703
3521019
3521449
3521972
3522751
3526149
3532439
3535868
3536584
3544844
3550070
3552473
3556849
3558079
3560605
3561452
3561823
3564005
3566581
3568033
3569328
3571319
3573502
3574878
3577061
3577592
3578726
3579645
3580805
3581016
3586823
3588113
3589180
3590027
3590911
3592325
3593437
3594206
3595480
3596403
3597560
3599658
3600783
3602086
3602747
3604243
3605610
3608996
3611733
3626803
3629538
3630602
3632590
3634458
3637410
3639720
3643132
3645182
3647788
3653198
3655902
3656292
3656740
3658054
3664618
3665810
3667580
3669188
3671894
3678350
3679187
3681940
3683447
3685618
3689173
3690261
3692607
3695236
3695985
3696185
3700087
3702868
3703848
3704761
3705790
3707705
3708692
3710475
3712007
3712934
3716394
3719044
3720632
3720600
3724397
3725318
3725712
3727361
3727748
3729371
3730765
3737177
3741582
3742532
3750914
3751868
3754099
3754428
3756511
3757827
3759861
3761249
3761955
3771379
3771744
3776380
3782562
3783661
3784128
3784442
3785015
3790081
3791345
3792551
3793683
3799312
3800196
3800965
3801999
3803058
3804137
3805116
3805950
3807067
3808098
3811152
3811417
3811674
3812559
3815768
3816549
3821170
3828665
3834537
3835929
3839993
3841739
3842402
3843789
3847167
3848624
3850136
3850726
3851092
3852784
3852988
3853257
3855611
3855970
3856307
3858404
3860116
3861987
3863603
3866273
3866897
3867422
3869309
3871730
3872998
3873612
3874474
3875160
3876952
3877465
3880119
3881221
3882321
3883729
3896609
3899393
3900577
3902220
3903701
3905597
3906567
3907578
3908366
3909439
3910398
3911525
3913668
3915200
3915972
3917375
3918265
3919857
3920403
3920888
3921189
3922051
3922440
3923680
3925633
3926455
3927003
3929603
3931093
3940612
3941327
3947967
3949969
3957820
3959813
3960460
3964229
3965630
3986007
3987882
3989066
3989828
3990766
3994059
4001056
4002799
4003193
4004178
4004697
4009059
4012816
4016169
4024821
4028772
4030971
4041433
4041999
4046602
4050765
4053757
4055278
4056339
4058034
4064295
4065766
4067194
4069276
4070401
4071756
4072651
4073571
4081228
4081860
4082759
4085822
4089855
4090925
4092366
4092823
4093438
4094272
4095982
4097448
4100525
4104975
4105670
4111507
4112214
4114472
4115579
4117222
4118090
4119330
4120349
4121747
4122287
4123339
4124456
4126810
4127894
4128395
4137657
4139035
4139708
4142221
4148317
4150265
4153098
4154847
4158394
4160790
4163270
4175026
4190487
4191868
4192635
4192837
4193576
4194204
4196099
4196808
4201688
4205931
4207532
4214123
4222487
4223628
4230142
4231631
4233233
4240055
4242254
4243516
4245075
4246419
4256466
4260003
4264231
4269012
4273871
4275041
4277383
4278066
4283075
4284902
4285213
4287371
4297125
4299366
4301030
4303078
4304109
4304403
4306597
4307799
4308478
4309469
4310980
4312042
4312991
4315102
4315538
4316082
4317218
4317895
4318764
4319606
4320663
4321247
4321696
4322422
4323230
4324352
4325165
4325741
4326734
4333272
4333950
4335590
4337031
4337929
4340521
4341628
4345558
4347326
4348744
4350034
4351662
4354717
4356411
4358617
4360031
4361934
4362353
4362626
4363308
4365042
4365356
4366773
4368327
4370412
4374234
4375657
4377722
4378944
4379366
4379772
4380517
4382318
4389370
4390360
4391509
4394067
4416292
4416770
4418453
4419625
4424791
4427422
4428717
4431983
4433056
4434024
4436565
4439262
4441215
4442176
4449652
4455609
4457865
4460364
4462660
4464709
4466180
4467246
4470913
4471447
4472395
4472533
4473209
4474053
4478311
4479537
4483837
4484280
4485951
4490063
4491139
4492525
4493351
4494406
4496209
4500791
4503431
4506856
4508617
4508942
4511457
4512414
4513409
4514308
4516677
4517717
4518235
4520324
4522020
4524094
4525010
4525803
4526888
4527537
4527980
4528917
4530243
4530533
4531651
4532310
4533183
4533784
4534053
4534675
4537594
4538765
4539501
4551296
4556320
4558289
4559526
4560000
4560680
4562675
4563603
4564689
4565850
4567246
4568519
4571574
4577958
4579337
4579840
4581462
4583048
4586761
4588865
4589079
4591279
4594722
4595851
4599441
4600189
4600975
4601517
4602097
4602858
4605663
4606165
4606286
4606401
4607700
4615543
4617065
4624117
4624789
4630522
4633745
4635310
4640306
