190
337
2801
3734
5234
8238
9306
12163
14168
15445
16952
17489
18715
21181
21407
22391
25207
25826
26277
27293
28374
29651
30817
34300
42403
43188
44180
45463
45807
47246
47769
49823
57364
58474
70387
71351
77367
77388
77621
84368
85630
87357
88028
89634
90094
91032
91413
93166
94650
96002
97087
98403
99644
100765
102233
103155
103982
105305
106557
107705
108279
111044
113444
118733
119281
122092
123017
125695
127912
131615
134388
137083
141431
142779
143702
144577
145081
146968
162105
164730
167484
169778
170575
171462
175107
176610
179237
180884
182463
189712
189874
190857
191855
192872
193521
194903
195677
196546
197928
200482
200971
202101
202560
203348
204493
205126
208621
209679
211877
212331
214291
214833
215269
222833
223771
225381
225500
225759
228756
228928
229167
231122
231926
234816
236067
236931
237335
239106
240343
243543
244327
246712
247637
250072
250898
252005
252301
252709
253479
253702
255977
256527
257829
258676
260388
261503
262871
270278
271764
270603
272580
272847
275325
276715
279931
282278
283201
285395
286789
290429
291404
297206
302991
312112
314357
315291
315587
317439
320227
321608
322338
323758
329463
332371
335280
335925
336778
338325
340165
341125
342884
344176
345404
346484
348682
350012
351215
352706
354922
356171
358799
359489
359992
368611
370277
371239
372115
372921
373868
375459
376772
381351
381674
385232
386207
386971
387795
390251
392970
394506
396639
397872
399593
401386
401747
403281
403703
405764
406405
406979
407428
408177
408609
410144
417142
417889
419591
420986
422518
425011
426137
427287
427647
429505
430605
433002
433455
434647
435137
435634
436589
441549
444683
454472
455133
456677
457426
458888
461451
461915
463937
464402
467412
468383
468871
470636
472598
472966
475379
476448
476672
485761
486536
490882
491412
492092
494076
494405
495120
497175
498055
500125
504914
507204
508218
511641
512576
513993
515919
516583
519733
520416
523261
527581
527952
528640
529500
532451
533011
533916
535710
536586
537633
539147
540565
541888
546680
548357
549627
550439
554611
558212
558974
559697
562336
563330
564723
566376
566684
568035
566842
567138
568315
568902
570893
571454
572368
572466
572921
573084
573371
573730
573956
577398
577613
578107
578327
579880
580834
581354
581660
582953
583681
586057
595600
597131
597479
598714
601959
607734
607836
608065
612737
613942
614157
618254
622300
624885
626070
627694
628551
629300
629894
632182
633586
638945
639753
642088
652235
653862
656557
657292
658031
658947
675018
676711
677415
679508
680212
695101
703944
706093
708334
709790
712987
713558
715412
720583
729134
729583
733776
734133
735650
736445
736825
738092
739001
739507
742827
743593
744243
745165
745935
755177
755560
755907
757689
758706
761522
763014
764180
765984
767978
771458
773042
774196
774309
774752
775153
775849
776342
777740
779067
779598
780554
780765
780843
781068
781147
781369
781577
782085
783166
785633
794773
795089
795862
796554
798586
800759
801887
803503
809344
810381
811522
812270
813526
817044
818055
818570
819048
819295
819884
820793
824630
830872
833070
835248
836351
842332
850450
853183
853647
855963
863642
866568
867520
869411
870967
871890
872979
875335
878248
878742
880727
883673
887423
890089
890913
891184
891967
892957
893784
894991
896134
897084
897989
898518
904593
904913
916473
919235
920347
922913
923264
932595
933224
937372
937994
939428
940959
943414
944033
945871
947229
949668
956762
957653
958812
960264
961201
961995
963828
964320
966621
968366
969389
970673
970852
971752
973537
974319
975622
976326
981047
983075
983650
990622
997868
998490
999216
1001807
1002889
1003439
1003947
1004768
1005952
1007844
1009964
1012001
1013259
1014896
1015715
1018485
1021138
1024471
1027946
1030064
1032139
1033254
1035066
1035770
1036354
1036749
1037740
1039296
1040445
1040617
1049833
1050027
1051461
1051847
1052067
1056261
1058084
1059256
1061799
1064036
1065585
1068081
1074242
1079305
1081356
1082243
1083376
1084992
1092876
1095505
1095843
1097886
1098879
1099640
1100296
1103951
1104447
1104961
1105414
1105820
1106355
1109335
1110863
1113579
1116807
1125562
1126157
1126806
1127839
1131018
1131438
1131854
1132574
1133802
1134729
1135564
1136274
1137371
1138378
1140033
1144502
1144940
1146589
1146794
1147367
1147621
1148759
1149728
1150670
1151615
1151939
1153300
1154112
1155124
1155762
1156777
1157869
1161885
1162247
1162638
1163260
1164095
1165143
1166085
1167599
1169073
1175427
1176619
1177320
1178593
1179631
1185844
1195123
1198695
1201497
1203024
1203268
1203822
1204170
1204404
1205549
1205731
1206143
1206913
1207501
1208132
1209685
1210346
1211413
1215789
1216068
1216369
1216748
1217328
1218983
1219601
1223264
1223564
1226600
1227714
1228079
1228815
1230767
1231186
1234938
1237571
1238879
1243180
1244728
1245160
1251066
1258791
1263714
1265012
1266094
1266924
1267320
1268165
1269323
1269858
1270393
1272119
1272507
1273784
1277957
1279864
1283604
1285139
1285849
1289245
1290242
1291457
1293527
1298598
1301182
1302899
1303834
1304754
1305764
1308788
1311089
1314020
1323220
1324098
1324746
1326852
1329332
1331048
1333855
1335124
1335291
1335831
1339330
1340243
1340558
1341921
1342658
1346796
1361120
1361911
1362743
1364232
1365550
1368079
1368801
1369025
1369393
1369689
1370216
1371909
1373222
1374090
1374963
1376034
1376832
1377884
1380148
1380821
1381947
1384117
1385511
1386720
1388930
1391991
1393227
1396076
1397365
1404741
1405979
1408050
1409129
1409511
1413556
1418671
1420365
1420684
1421119
1421983
1422701
1423201
1423400
1423782
1425377
1425630
1426454
1427389
1428796
1429049
1432411
1437121
1441058
1443051
1445687
1445880
1447519
1453927
1454868
1455164
1455925
1456430
1457497
1458264
1459054
1460471
1460893
1462125
1463539
1464471
1465392
1469241
1470517
1469358
1474221
1475144
1477621
1478226
1479138
1480909
1483061
1487235
1488232
1490902
1491677
1492119
1492470
1495288
1496856
1498651
1498938
1500573
1501562
1502457
1503717
1506172
1506781
1509286
1509508
1510003
1511654
1512817
1513831
1514762
1515578
1517389
1517648
1519027
1520262
1523307
1526247
1526940
1527902
1529922
1530586
1531816
1533052
1534024
1547401
1550461
1551338
1556625
1601490
1603019
1604047
1605051
1606100
1606999
1607346
1614804
1615763
1617028
1619120
1619574
1619989
1621332
1622646
1624773
1627517
1628352
1629215
1633072
1633622
1636756
1637047
1641855
1645897
1646405
1647934
1648508
1648665
1648823
1649382
1649609
1649794
1650078
1650845
1651551
1655808
1656184
1657565
1658069
1660556
1662990
1663609
1664506
1665315
1669699
1671376
1671777
1671960
1673913
1678427
1679557
1680976
1682159
1682882
1684259
1688576
1689852
1699355
1700957
1702233
1704551
1704949
1705250
1705767
1706348
1706919
1709142
1710204
1710828
1711523
1712769
1714377
1719876
1721025
1721264
1722121
1726023
1726659
1727837
1728347
1729087
1734435
1735378
1737844
1739911
1741413
1743457
1746435
1746516
1746700
1747131
1755698
1757421
1769074
1770372
1770615
1771071
1772512
1773789
1774686
1775587
1777196
1779617
1780401
1781395
1782681
1783031
1787445
1788435
1789613
1803094
1805165
1806370
1807400
1807796
1809380
1810211
1810934
1813867
1822458
1823515
1832428
1833401
1834116
1834808
1835515
1836073
1837212
1838747
1839467
1841490
1842371
1848837
1850860
1851887
1862771
1863850
1866908
1868955
1870385
1872041
1873574
1874352
1875673
1876909
1877715
1878773
1878874
1881912
1883188
1884665
1885845
1893367
1894133
1894805
1896170
1896932
1898427
1902048
1903082
1903895
1904801
1905688
1908925
1910276
1916258
1917510
1920223
1921780
1922121
1923066
1925108
1925440
1926120
1930881
1936652
1937649
1942662
1943414
1946251
1950832
1951395
1952266
1952702
1953442
1960062
1961972
1979753
1986925
1988222
1988716
1989681
1995818
2003872
2005303
2005713
2006156
2008277
2009479
2009821
2010600
2012502
2013229
2014880
2015868
2016554
2017946
2018386
2019618
2020087
2021088
2021504
2021869
2022616
2022893
2023968
2024986
2025511
2029539
2033649
2034051
2035835
2038956
2039478
2040483
2041375
2042368
2043651
2044549
2044938
2053643
2055061
2056858
2059851
2062260
2068635
2070277
2070660
2071317
2071539
2074779
2076308
2076817
2077112
2077569
2077940
2078746
2082756
2089996
2090192
2091097
2092398
2093468
2094535
2095125
2095844
2096614
2137902
2143266
2147674
2151185
2153309
2153644
2154016
2155263
2158386
2161464
2162876
2164276
2165189
2165668
2167114
2168712
2170236
2170532
2178821
2180095
2181096
2185917
2186960
2194300
2196474
2200279
2203972
2204596
2205695
2207967
2209100
2211225
2214866
2215657
2222185
2225801
2228982
2230624
2231019
2231844
2232878
2233600
2234033
2235265
2243910
2249717
2250840
2251700
2255355
2263863
2265450
2266245
2267829
2268854
2269979
2270726
2272364
2274179
2275273
2276300
2280632
2282517
2284129
2284376
2286211
2290500
2303905
2313084
2313488
2316177
2320043
2321866
2323447
2324109
2324756
2326109
2339567
2344865
2347384
2348514
2349651
2352647
2354265
2355521
2356904
2357804
2364554
2365928
2367071
2368039
2370018
2370908
2372557
2372892
2381608
2382713
2385860
2386934
2388635
2389116
2407561
2408862
2413470
2414747
2417081
2420621
2421325
2421708
2437950
2441764
2448606
2461306
2463012
2465301
2466309
2466545
2467855
2468214
2469131
2470815
2473604
2474032
2474984
2475511
2475873
2476181
2476310
2476584
2477847
2479202
2483755
2484374
2494698
2495645
2496921
2498671
2500383
2501130
2509630
2511001
2513042
2514331
2518467
2518813
2520931
2521051
2521173
2521253
2525127
2526946
2531463
2532409
2533764
2534066
2535834
2537342
2537749
2545773
2546673
2548102
2552352
2553225
2558858
2560257
2561368
2561625
2562111
2562524
2563592
2563980
2564523
2578666
2579636
2585731
2587595
2591247
2591607
2592762
2599906
2600478
2601201
2601818
2603847
2604811
2606262
2606917
2608487
2610164
2610706
2611457
2611900
2613934
2616094
2617578
2621197
2622234
2623044
2625115
2629290
2629792
2630326
2634232
2652494
2653855
2663442
2664390
2665435
2669032
2670390
2670908
2671225
2672047
2673346
2682863
2685835
2695801
2698759
2699663
2700520
2710420
2712896
2715423
2716754
2718735
2719223
2719953
2722727
2724128
2736146
2737154
2737599
2737745
2741360
2741875
2742383
2743625
2747962
2748774
2750831
2751795
2753605
2754896
2755593
2756159
2758644
2758985
2760547
2765918
2766984
2767710
2768665
2769703
2770445
2770681
2771148
2773318
2775545
2775919
2776386
2776877
2777115
2777453
2777972
2786397
2788985
2789982
2791273
2792735
2794253
2795674
2797211
2797520
2799164
2800146
2800723
2800965
2801348
2803502
2804815
2806010
2807132
2808316
2809617
2810344
2810770
2811427
2812616
2814802
2825832
2826392
2827362
2827737
2828621
2829047
2829813
2832476
2833912
2839524
2840990
2850647
2851001
2851864
2852136
2853254
2854338
2857093
2859760
2861430
2862335
2863593
2864236
2865101
2876581
2887354
2892214
2892657
2893919
2894196
2900592
2901896
2905557
2905711
2915057
2925348
2926308
2928229
2929576
2931055
2934235
2935584
2937468
2938888
2939368
2942696
2943337
2944542
2947387
2947497
2947607
2949242
2969662
2970420
2971271
2971597
2976599
2979021
2985847
2987536
2988502
2989304
2990554
2991268
2992094
2993638
2993939
3000345
3002614
3003489
3006262
3007510
3008764
3010028
3011461
3015160
3016060
3019161
3020540
3021316
3024351
3025766
3027121
3031367
3032817
3033065
3039855
3041313
3043662
3055612
3055983
3056241
3056849
3059753
3060850
3062987
3063993
3064802
3081913
3086187
3086706
3088284
3089755
3090347
3091134
3091878
3092937
3093500
3095098
3095820
3096383
3096681
3097267
3103013
3104093
3104433
3105714
3109553
3110366
3128272
3130178
3134131
3138727
3147897
3149662
3152236
3153563
3155355
3156623
3157650
3158627
3169828
3170484
3172530
3173142
3178115
3179744
3180421
3182550
3184840
3185414
3186061
3187427
3186187
3186510
3189881
3190632
3192208
3192864
3194766
3195141
3201207
3201891
3204694
3206463
3207371
3208024
3210781
3211107
3213047
3215598
3216779
3219494
3221466
3222633
3225722
3226234
3227801
3228888
3231665
3235960
3236540
3237311
3238580
3239944
3245224
3246652
3247773
3248439
3248969
3249375
3249683
3250077
3250562
3251024
3252304
3252911
3254319
3255043
3267380
3267854
3268415
3275282
3277002
3277337
3278914
3280217
3280701
3281071
3281976
3283143
3284170
3284685
3285478
3286270
3287426
3288090
3288814
3291341
3293400
3295394
3295809
3296409
3298974
3299966
3301485
3302489
3303448
3311225
3318637
3327790
3328963
3333710
3334909
3340275
3341266
3342273
3342836
3343380
3343944
3344717
3346173
3346578
3347115
3347966
3348452
3350577
3354725
3359198
3361176
3362112
3362807
3365185
3366751
3366926
3367827
3374869
3380191
3380743
3382200
3384703
3385538
3389520
3403484
3404495
3404638
3405436
3405917
3407375
3407607
3409070
3410280
3411271
3411653
3412621
3413864
3415033
3418390
3419042
3420134
3421325
3422436
3429236
3433690
3434214
3435207
3436518
3438024
3455578
3456377
3458339
3459817
3461023
3461468
3461974
3462344
3462924
3463922
3465082
3465543
3477640
3481289
3483202
3484218
3484490
3486120
3486791
3492568
3494011
3496551
3497003
3497828
3499448
3499910
3501268
3502340
3503167
3504052
3522871
3526469
3528669
3529348
3529774
3532818
3536812
3537385
3540163
3540407
3542728
3543167
3544882
3545624
3546559
3553085
3558268
3562013
3575071
3581138
3581863
3583038
3584196
3583483
3583677
3584759
3586943
3597984
3604393
3604979
3605751
3606451
3609217
3609955
3611865
3612969
3613667
3615241
3616182
3617015
3617776
3618588
3619192
3623399
3623887
3624378
3634841
3637642
3640111
3640862
3645385
3646299
3648063
3648294
3648528
3648935
3650237
3651291
3653231
3653961
3654683
3656995
3658366
3659232
3660414
3664864
3669592
3672414
3673362
3674786
3679419
3696458
3698026
3698214
3700136
3700563
3713092
3713652
3716547
3717310
3719478
3720049
3720680
3721198
3722076
3725887
3731131
3732201
3733720
3734979
3737497
3739705
3742733
3743743
3744328
3744804
3746094
3747084
3748577
3749232
3750086
3750918
3751992
3762183
3766337
3767221
3768177
3768639
3768892
3769345
3769948
3772281
3774424
3775572
3776665
3777399
3779054
3779827
3781215
3785260
3786838
3788101
3793987
3794929
3795979
3796948
3808540
3809825
3812731
3813932
3814494
3816676
3817760
3818874
3821428
3822106
3822400
3824515
3825210
3828945
3830457
3836222
3836425
3836953
3838248
3840215
3843964
3853553
3853922
3856415
3860283
3863899
3867728
3869377
3875438
3884336
3884493
3884816
3885076
3886828
3888435
3888730
3890236
3891615
3892765
3893881
3894652
3896774
3897506
3898022
3927155
3931316
3933351
3933778
3935288
3936278
3937294
3938227
3941808
3943435
3943704
3946700
3946872
3946957
3948086
3950322
3950507
3950560
3952201
3952484
3953478
3955331
3957970
3960677
3965761
3966417
3967916
3969031
3970133
3971260
3972522
3973608
3974467
3975146
3976278
3977525
3978601
3979956
3980887
3982375
3982509
3982606
3982735
3982958
3986432
3991153
3994522
3994762
3995583
3996287
3997183
3997983
4001426
4004862
4005864
4007757
4009170
4010200
4011076
4013053
4016431
4017333
4018855
4019624
4019978
4020226
4021945
4022218
4022736
4023554
4024988
4026527
4031161
4032492
4033145
4034608
4035531
4037141
4037260
4037519
4040517
4042069
4042415
4043418
4044199
4046966
4049899
4051036
4051347
4052045
4058407
4060447
4061165
4062247
4073739
4074669
4075553
4076146
4077015
4077449
4079297
4079751
4086016
4087002
4097736
4098646
4100810
4101690
4102822
4105820
4106469
4107552
4108834
4109930
4112315
4112967
4113293
4118515
4127013
4128672
4129835
4132616
4133835
4136108
4142530
4143624
4143995
4146258
4147138
4155001
4156013
4156850
4158490
4161124
4161771
4163639
4165428
4166659
4168372
4168641
4171637
4172057
4173082
4175388
4175472
4175673
4175754
4175944
4177358
4177743
4178447
4178879
4179996
4180560
4181245
4185350
4189786
4196903
4197716
4198790
4199504
4200281
4200566
4201926
4203320
4208147
4209774
4210043
4213040
4213234
4214280
4215478
4217109
4218596
4223828
4227731
4230354
4233758
4235906
4236262
4236897
4237634
4240325
4246784
4247971
4249554
4250703
4252506
4253016
4256637
4257115
4257742
4259237
4260321
4260599
4261669
4262840
4264314
4265782
4267114
4269414
4270238
4270658
4274125
4275471
4277469
4278479
4279980
4287764
4289245
4289808
4290476
4291512
4293163
4293543
4294481
4313350
4313868
4327135
4329360
4330502
4332116
4341911
4343369
4351843
4352085
4352584
4352908
4368664
4370688
4371025
4372809
4375699
4376317
4376553
4376875
4382643
4383839
4385393
4385704
4391604
4392360
4392472
4392583
4392892
4394066
4395585
4396065
4397412
4399252
4400288
4400672
4402038
4403300
4404386
4404687
4406190
4406654
4409275
4410133
4410553
4411302
4411979
4412387
4413028
4414275
4416952
4419980
4421393
4421708
4422186
4422846
4423700
4425118
4425520
4425839
4426108
4427694
4428935
4429864
4434113
4436755
4437707
4439587
4442382
4444112
4447894
4448447
4448692
4449962
4451058
4452571
4453583
4455785
4457959
4459490
4467431
4467625
4474124
4474862
4475437
4478473
4479730
4486218
4487318
4494623
4496405
4496675
4498272
4498595
4501260
4504058
4505287
4506448
4506861
4507197
4509009
4509479
4509804
4518527
4518721
4527977
4534791
4540957
4542037
4543115
4543728
4544304
4545096
4547742
4548285
4548808
4551636
4552901
4554576
4556993
4560930
4568998
4571751
4572414
4573919
4579835
4586949
4591657
4595990
4603477
4604160
4605804
4607803
4608185
4608646
4609414
4611396
4612128
4612411
4613481
4617323
4618229
4619603
4620883
4621769
4624895
4625912
4627315
4630733
4632760
4633797
4635521
4636007
4636696
4638178
4640402
4640942
