255
2799
3733
5020
5530
6459
7959
9191
9893
10494
11356
11786
14079
15298
16557
16960
16903
17006
18655
19620
20314
20508
21078
21399
22348
25207
25701
26275
27227
28207
29195
30799
34038
34695
35371
36162
37824
39115
40386
41931
43173
44129
45466
45750
47138
47776
49631
50302
51222
51606
52430
53416
54702
57109
58179
59279
60346
63264
65780
66550
68337
70048
71265
72115
72927
74521
75480
77299
77593
77519
78799
79453
80864
81958
83529
83708
85312
87354
87848
89032
90092
91035
91397
93179
94653
96008
97084
98403
99647
100711
102240
103153
103985
105244
106456
107474
108217
110984
111433
111846
112599
113219
114487
115724
117099
117549
118645
119284
120135
121551
122856
125680
127587
129336
131260
134212
134750
135582
136464
136917
138633
141225
141967
142670
143705
144472
145017
146310
146694
147870
148795
149601
150953
151599
152231
152812
155426
156201
156883
157732
159126
160112
160604
161486
162031
164534
167264
169727
170575
171465
173444
174882
176528
176954
177624
178462
179153
180754
182308
183620
184095
185069
185947
188650
189506
189847
190599
191708
192580
193429
194717
195664
196534
197898
200360
200967
201996
202556
203348
204496
205089
208608
209580
211820
212266
213629
213932
214125
214836
215255
215979
217003
218775
219594
219995
220928
221621
222645
223408
225312
225457
225575
228662
228875
229004
229970
230881
231922
232549
233955
234782
235538
236002
236798
237007
238120
238736
239102
239378
240189
240816
243303
244121
245094
245805
246239
246502
247461
248134
250070
250827
251953
252298
252699
253161
253685
254202
255716
256435
257771
257899
259006
260100
261491
262756
262946
263212
263669
264007
264247
264732
265206
265543
266087
266553
266774
266967
268005
268960
270182
270535
272189
271754
272654
273954
275117
276728
277647
278802
279161
279681
279875
280104
280362
280735
281983
283186
285168
286777
288399
289162
290305
290633
291152
291346
292231
292948
293918
294799
295579
297096
297254
297719
297791
298726
300934
301887
302573
303605
304182
305205
306817
309332
310026
310671
311336
312339
312514
312777
313242
313805
315228
315590
316453
317169
317567
318319
318567
320001
321081
322327
323765
324453
325364
327247
328733
329334
331496
333459
334433
335022
335885
336788
338325
339743
341115
342507
343933
344991
345649
346337
346759
348443
349572
351181
352666
354592
356181
357454
358690
359458
359959
361146
361860
363179
366305
367510
368420
370275
371221
372105
372924
373871
374881
376670
377311
378368
379571
379881
380842
382872
381260
381716
382579
383935
384616
386194
386974
387798
388646
389727
391708
394418
392605
392901
395129
396287
397859
398966
399333
399805
400923
401646
403162
403601
404818
405644
406222
406929
407170
408105
408461
408950
410019
411052
412481
415753
416952
417831
419184
420910
422359
424332
424918
426081
427264
427619
429494
430476
430952
432013
432851
433451
434558
435117
435556
436611
437107
438135
440177
441101
441343
442997
443641
444515
445174
446666
447705
448046
448660
450641
451610
453545
454167
454789
456431
457300
458700
461242
461723
463786
464308
464800
465547
467312
468230
468841
470643
472417
472936
474252
475161
475951
476371
476561
477025
478617
479251
479918
480308
480708
484403
485619
486408
489898
490271
490812
491259
491963
494023
494405
495010
496994
497819
499017
499973
501429
503238
504696
506566
507082
507287
508080
508559
511379
512573
513868
514400
514859
515773
516596
517362
518279
519149
519765
520419
522830
527541
527949
528659
529130
529592
530016
531226
532221
532933
533826
535697
536486
537464
539087
540508
541866
543033
544046
545292
546363
548347
549616
550442
551332
552594
553100
553940
554437
555996
556553
556873
557741
558754
559666
562300
563319
563845
564480
564799
565978
566079
566376
566687
566776
568247
567141
568004
568647
570428
571444
572251
572469
572921
573091
573374
573733
573870
574339
576825
574586
575753
577613
578110
578568
578509
578893
579594
580086
580445
581379
581662
582097
582806
583135
584430
585633
586101
586908
587981
590954
593178
594770
595443
596973
597463
598702
601857
603335
604663
605424
605886
606199
607383
607792
607988
609177
610079
612494
613939
614160
618038
619387
620199
621188
622189
623550
624510
626060
627680
628551
629297
629713
631999
632379
633477
634746
635376
636569
637618
638573
639508
641318
641867
643326
643967
645003
646580
647509
648035
649571
650490
650783
651856
653893
654542
655968
657117
657501
657938
658818
659150
660216
661378
662278
662642
663963
665190
666313
668217
668715
669036
669907
670572
671605
672186
674783
675500
676547
677418
678842
679406
680215
681663
683393
684412
685255
685929
686669
687747
689013
690881
691784
692341
693378
694955
696276
696504
696616
696740
696830
696939
697047
697133
699177
700326
701594
702751
703611
705890
707757
709740
710116
710646
710725
711465
711898
712802
713532
715198
715906
716597
716870
718265
720460
720840
721733
724414
724979
727036
728732
728821
729340
733776
734102
735653
736219
736684
737961
738853
739510
740925
742556
743570
744249
745175
745899
746726
747769
748982
749707
752169
752795
754468
755566
755907
757673
758405
761507
762739
764180
765049
765875
767960
770611
773026
774181
774309
774602
775156
775845
776277
777607
779032
779588
780389
780629
780840
780918
781143
781222
781444
781652
783128
783885
784823
785317
786685
787595
788837
789979
791029
792055
793788
794644
794922
795862
796551
797612
798431
799581
800575
801811
803320
805764
807281
807909
809257
810384
811535
812277
812947
815547
816647
818033
818567
819055
819293
819747
820588
821506
822498
823739
824497
825040
826108
827252
828981
829972
830643
832236
832950
835220
836210
837436
837925
838456
839207
841531
842056
843258
845480
846463
847119
848004
848911
850097
850965
852597
852997
853650
854765
855744
857555
859061
860028
862606
863511
864304
865129
866364
867533
869391
870949
871887
872801
875327
876663
878035
878631
879857
880480
881929
882734
883388
884905
885230
886131
887339
887959
888054
889819
890466
890753
891200
891906
892869
893433
894896
896124
897087
897929
898477
899645
900575
901534
902250
902988
903734
904467
904916
905743
906753
908282
909294
911049
912150
913814
914857
916047
918131
919120
920350
922293
922590
923233
925540
925971
926443
927432
929195
930962
932050
933089
937213
937983
939337
940720
943403
944031
944896
945557
947019
948659
949568
950258
951080
953554
954466
956632
957454
958741
960095
961028
961884
963668
964112
966584
968369
969352
970621
970855
971598
972645
973401
974322
975641
976326
980786
982894
983623
984297
985709
986982
988985
990356
993234
994044
994832
995988
996944
997512
998407
999191
1001816
1002877
1003431
1003954
1004657
1005778
1006494
1007600
1009952
1011871
1013254
1014899
1015459
1015882
1016470
1018299
1018937
1020053
1020919
1021767
1023883
1024348
1026525
1027015
1027773
1028359
1028721
1029969
1030342
1030668
1031418
1031712
1033257
1035047
1035773
1036357
1036752
1037606
1039284
1040432
1040537
1041915
1044210
1044676
1045803
1047945
1048691
1049332
1049744
1050108
1050530
1051175
1051673
1052077
1052240
1053362
1056178
1057289
1057954
1059256
1061802
1062398
1062855
1063775
1065292
1066826
1067091
1067708
1068254
1069839
1070354
1070955
1071765
1072159
1072863
1074011
1074880
1078882
1080813
1082185
1083370
1084647
1086056
1086519
1087846
1089857
1092289
1094234
1095141
1095437
1095846
1096829
1097652
1098824
1099616
1100194
1100787
1101684
1102127
1102541
1103196
1104406
1104902
1105293
1105725
1106353
1107776
1108941
1110870
1113406
1113806
1114181
1115490
1116582
1117859
1118476
1119046
1119447
1120586
1120955
1121487
1122607
1123273
1124054
1125326
1126146
1126804
1127729
1129374
1129830
1130128
1130863
1131434
1131842
1132549
1133782
1134557
1135511
1136262
1137371
1138312
1140021
1140986
1144367
1144822
1145899
1146595
1146757
1147315
1147540
1148691
1149712
1150657
1151404
1151851
1153180
1154109
1155134
1155765
1156766
1157574
1159302
1161551
1162244
1162624
1163279
1164084
1165120
1165685
1167389
1168138
1168832
1169330
1170374
1173964
1175165
1176626
1177320
1178564
1179504
1180359
1181267
1181725
1182829
1183620
1184444
1185594
1187070
1188240
1189776
1190447
1191986
1192631
1193773
1194288
1194951
1196373
1197532
1198237
1199588
1200806
1201032
1201838
1202084
1202933
1203224
1203825
1204160
1204403
1205537
1205731
1206142
1206922
1207497
1208130
1208545
1209119
1209619
1210239
1211179
1211577
1212003
1213107
1214059
1215475
1216025
1216340
1216635
1216996
1218851
1219201
1222248
1222634
1222988
1223163
1223449
1223907
1224545
1225361
1226080
1226968
1227472
1228007
1228738
1229276
1230394
1231186
1232454
1233030
1234717
1235657
1237241
1238869
1239949
1242071
1243080
1243791
1244527
1244982
1245600
1247376
1249114
1249757
1250838
1252985
1255952
1257812
1258513
1259069
1260803
1261875
1262877
1263500
1264970
1266094
1266927
1267316
1268129
1269019
1269275
1269389
1269810
1269923
1270345
1270460
1271849
1272349
1273202
1273599
1275178
1275829
1277618
1279348
1283607
1285142
1285849
1286526
1287236
1287176
1287328
1287622
1288624
1289132
1290150
1291255
1292365
1292922
1294144
1295322
1298121
1299245
1302813
1303819
1304742
1305767
1306768
1307150
1308645
1308961
1310269
1310865
1311808
1312246
1312890
1313663
1314658
1315224
1315770
1316035
1317222
1318415
1319788
1321384
1322946
1323082
1324101
1324718
1326641
1327727
1328357
1329112
1330381
1330668
1333645
1334829
1335288
1335458
1338506
1339160
1340094
1340551
1341727
1342658
1342984
1343328
1344346
1344609
1346742
1346900
1348912
1350107
1351039
1351760
1352634
1353628
1354518
1355470
1357110
1357668
1359187
1360908
1361884
1362468
1364230
1365512
1366815
1367912
1368747
1369025
1369384
1369614
1370003
1371895
1373201
1374103
1374932
1376015
1376822
1377887
1380151
1380807
1381902
1382852
1383961
1385514
1386572
1388261
1388811
1389895
1390598
1390862
1390933
1391853
1392890
1394840
1395922
1397092
1397622
1398622
1399526
1400236
1401773
1403255
1404565
1405649
1405751
1406542
1407795
1409033
1409250
1410884
1411948
1413235
1413452
1413740
1413734
1413927
1414793
1417386
1417763
1418008
1418229
1419159
1419311
1419456
1420241
1420661
1421106
1421976
1422729
1423200
1423644
1423585
1425239
1425640
1426082
1427386
1427598
1428984
1428726
1432411
1432986
1433674
1434224
1435008
1435619
1436893
1437229
1440784
1441324
1441743
1442843
1445690
1445872
1446206
1447283
1449018
1451349
1453642
1454856
1455155
1455910
1456422
1457500
1458264
1459052
1460481
1460893
1462098
1463438
1464489
1465061
1465230
1467904
1469293
1474013
1468826
1469149
1470509
1475081
1477450
1478226
1479122
1480895
1482201
1482860
1486963
1488035
1489671
1490713
1491432
1491506
1491850
1492071
1492129
1492174
1494110
1495071
1496631
1498511
1498875
1499477
1500449
1501565
1502155
1503125
1503649
1504865
1506080
1506708
1508742
1509064
1509462
1509924
1511409
1512799
1513830
1514772
1515556
1517002
1517194
1517562
1517881
1518331
1518846
1520064
1520927
1523065
1524368
1525980
1526864
1527152
1529938
1530404
1531639
1532952
1533285
1533851
1534869
1535858
1536617
1537309
1538853
1542590
1544060
1545714
1546028
1547169
1550448
1551345
1551991
1552682
1553838
1555669
1555963
1556280
1557056
1558038
1559017
1559910
1560929
1562481
1563076
1565733
1567140
1568823
1570489
1572045
1575202
1577619
1579342
1580790
1582524
1583687
1583959
1586486
1587734
1588296
1588839
1590079
1590536
1592176
1592442
1597987
1600209
1601241
1603025
1604047
1605039
1606073
1606975
1607289
1608104
1609022
1610680
1611854
1612325
1613251
1614703
1615685
1616878
1618218
1618908
1619554
1619957
1620207
1621137
1622519
1622741
1622914
1623850
1624497
1625291
1627380
1628263
1629038
1629418
1630913
1652838
1632285
1633305
1634212
1634885
1635847
1636367
1636989
1637457
1637782
1638109
1638667
1639527
1639334
1640057
1640365
1640585
1641554
1642067
1643241
1644304
1644902
1645274
1645633
1645872
1646202
1646737
1647356
1647636
1647850
1648341
1648663
1648793
1649041
1649434
1649797
1649985
1650842
1651537
1652708
1653915
1655141
1655673
1656149
1656744
1657457
1657870
1660495
1662979
1663607
1664463
1665120
1666571
1667219
1668564
1669592
1670952
1671684
1671860
1672781
1673149
1673501
1674947
1676360
1677903
1679371
1680939
1681698
1682030
1682878
1684183
1685188
1686588
1688377
1689751
1691360
1692851
1694263
1696071
1697052
1698040
1699180
1700947
1702129
1703234
1704308
1704676
1705164
1705690
1706348
1706926
1709141
1710200
1710824
1711523
1712158
1714271
1714982
1715889
1717222
1718007
1718395
1719602
1720343
1720824
1721261
1722121
1724133
1724655
1725632
1725920
1726622
1727756
1728244
1728994
1733703
1734101
1735250
1735959
1737290
1737545
1738869
1739798
1741122
1742561
1743242
1744830
1746127
1746511
1746592
1747005
1748735
1749559
1750348
1751013
1751724
1753830
1754477
1755141
1757110
1757657
1758725
1759290
1760523
1761791
1762512
1764009
1764386
1764780
1765122
1765632
1768685
1770186
1770477
1770971
1772285
1773777
1774655
1775444
1777182
1778347
1779301
1780381
1781339
1782684
1782974
1784677
1787112
1788278
1789481
1789804
1791244
1792020
1792731
1793558
1794109
1795152
1795552
1797944
1798942
1799270
1799749
1799999
1800638
1802570
1804993
1805272
1806083
1807299
1807690
1808656
1809233
1810048
1810801
1812325
1813132
1813663
1816128
1817135
1818500
1819447
1819805
1821214
1821619
1822256
1823285
1824402
1824937
1825625
1826923
1828259
1829734
1830765
1831982
1833234
1834111
1834793
1835515
1836063
1837239
1838747
1839400
1840774
1841403
1841897
1842135
1843714
1844871
1846960
1848008
1848676
1850693
1851876
1852528
1853979
1854854
1855971
1856928
1857769
1858833
1860229
1861332
1861974
1862429
1863766
1864734
1865636
1866472
1868842
1870238
1871860
1873531
1874077
1874182
1874798
1875576
1876854
1877256
1877532
1878740
1878871
1878948
1879255
1879585
1879948
1880759
1881809
1882997
1884633
1885789
1886810
1887991
1889746
1890532
1891267
1893235
1893711
1894432
1894731
1896166
1896748
1898296
1900025
1901585
1903019
1903882
1904746
1905259
1906254
1907060
1907435
1907591
1908548
1908766
1909164
1910099
1911649
1912576
1914816
1915534
1916128
1917541
1920143
1921662
1922016
1922312
1922969
1923314
1923284
1923706
1924591
1924969
1925338
1926096
1926782
1928839
1929707
1930390
1930747
1932059
1932756
1934604
1936314
1937521
1939091
1940193
1941635
1942583
1943417
1944199
1945356
1945976
1946180
1946853
1947376
1948151
1948632
1950522
1951398
1952213
1952661
1953445
1954413
1957007
1958132
1959266
1959846
1961795
1962460
1962972
1965050
1966191
1967037
1967437
1968501
1969364
1970984
1972691
1973339
1975324
1976255
1977139
1977844
1978197
1979021
1979215
1980181
1981612
1982387
1983540
1985069
1986128
1987428
1987758
1987959
1988545
1989213
1989490
1990892
1991619
1991901
1991987
1992117
1992817
1994706
1995359
1996042
1996832
1997814
1998479
1999480
2000385
2001024
2001789
2003606
2005278
2005713
2006078
2007643
2008090
2009482
2009712
2010489
2011079
2012351
2012663
2013014
2014887
2015875
2016554
2017927
2018389
2019513
2020082
2021091
2021501
2021869
2022606
2022885
2023678
2024591
2024823
2025213
2025313
2026326
2028017
2028370
2029366
2030459
2030918
2032317
2033079
2033484
2033739
2035243
2036686
2038152
2038823
2039369
2040482
2041118
2042025
2042898
2043557
2044448
2044624
2052014
2053328
2054959
2056515
2057574
2058102
2059690
2059926
2060914
2061933
2062335
2063323
2064467
2065222
2065764
2066154
2067321
2067892
2068419
2068940
2070474
2069857
2070180
2071211
2071511
2074658
2076311
2076754
2077038
2077480
2077943
2078107
2078677
2078931
2079361
2080591
2081262
2082547
2084183
2084453
2085525
2087062
2087114
2088258
2089128
2089465
2089713
2090046
2091091
2092401
2093468
2094535
2095125
2095862
2096620
2097225
2098301
2099613
2101268
2103389
2101744
2102911
2104509
2105084
2106057
2107226
2108329
2109584
2110138
2111019
2111976
2113061
2114327
2115896
2117127
2118404
2120158
2121554
2122979
2124520
2125746
2126222
2127190
2128314
2128888
2129650
2130878
2132070
2132555
2133397
2135652
2136098
2137243
2139485
2141612
2142215
2142948
2146583
2147540
2149026
2150985
2151646
2152472
2153128
2153451
2153408
2153779
2153737
2155263
2158385
2161463
2162879
2164279
2164998
2165521
2167029
2167200
2167520
2167814
2168306
2169611
2171727
2170167
2170535
2171398
2172873
2174278
2174566
2175049
2176321
2177204
2178564
2180098
2181099
2182061
2182781
2183651
2184516
2185301
2185796
2186741
2187298
2188414
2190910
2191645
2192222
2192796
2194168
2196333
2200269
2203911
2204289
2205684
2207974
2209103
2211100
2211686
2212196
2212962
2214644
2215597
2215764
2216476
2217407
2218557
2219481
2221989
2223900
2224870
2225631
2226379
2227270
2228758
2229065
2230385
2231022
2231714
2232728
2233597
2233839
2235271
2236500
2237753
2239289
2240348
2241668
2242967
2243652
2244746
2246769
2248532
2249618
2250766
2251697
2252788
2254145
2255186
2256014
2257335
2258367
2259296
2261410
2262365
2263495
2265044
2265295
2266022
2267711
2268815
2269567
2270545
2272282
2274178
2275273
2276298
2277889
2278237
2279760
2280483
2282392
2282801
2283947
2284356
2286136
2286287
2290180
2288914
2290081
2291147
2292410
2292964
2294904
2295380
2295586
2296320
2297024
2297644
2298259
2298718
2299578
2300260
2302753
2303013
2303497
2304393
2306754
2308615
2309341
2310405
2311534
2312749
2313176
2316160
2316827
2319876
2321869
2323251
2324109
2324759
2326078
2327293
2328143
2329797
2334402
2334959
2336644
2339420
2340289
2344169
2347150
2348514
2348768
2349472
2349893
2351011
2352374
2354275
2355524
2356711
2357803
2358001
2358845
2360152
2361414
2362211
2363633
2364275
2364979
2365620
2367067
2368039
2370021
2370908
2372560
2372892
2373278
2373538
2375003
2375962
2376819
2377592
2379259
2380643
2381027
2381543
2382525
2383924
2385722
2386831
2387437
2388426
2389057
2389964
2391505
2393041
2395046
2395345
2395896
2396450
2397442
2400165
2401555
2402052
2403845
2404613
2405072
2406641
2408778
2409461
2411352
2412089
2412594
2413132
2414672
2416891
2418601
2419176
2419788
2420485
2421268
2421687
2422601
2423539
2424509
2425233
2425916
2426788
2427791
2428626
2430238
2430763
2431684
2432942
2433926
2434741
2435636
2436649
2437851
2438945
2440120
2441605
2443770
2444169
2444751
2445560
2446384
2447473
2448440
2449157
2450049
2450590
2451075
2451584
2452336
2455001
2455646
2456812
2459159
2460469
2460934
2462646
2464070
2465007
2466233
2466383
2467702
2468217
2469134
2470462
2471105
2471517
2472122
2472387
2472881
2473585
2473966
2474856
2475520
2475873
2476178
2476231
2476510
2476598
2477629
2479184
2480530
2482176
2483339
2484369
2487967
2489168
2490186
2491950
2493254
2494402
2494973
2495292
2496565
2496992
2498295
2500368
2501117
2501987
2504485
2505547
2506632
2507894
2508242
2509426
2510886
2511327
2512706
2514244
2515443
2517832
2518116
2518231
2518811
2519205
2520672
2521006
2521126
2521248
2521328
2522477
2523985
2524878
2525891
2526856
2527944
2528159
2530176
2531233
2532224
2533380
2534021
2535793
2536343
2537237
2537716
2538483
2539583
2540814
2541679
2542512
2543528
2544623
2545609
2546669
2548097
2549406
2550545
2551216
2551726
2552138
2553221
2554124
2555182
2555728
2556400
2557297
2558679
2560066
2560898
2561613
2561993
2562527
2563117
2563969
2564372
2565332
2566884
2568107
2569511
2570337
2571751
2572050
2572450
2573505
2574305
2575003
2575457
2575805
2578377
2579616
2581639
2582777
2583478
2585525
2587431
2590708
2590866
2591603
2592734
2592962
2593770
2595859
2596737
2597618
2598865
2599760
2600478
2600948
2601818
2603836
2604794
2606250
2606912
2608497
2610154
2610709
2611464
2611870
2613912
2614782
2615881
2617557
2617937
2618776
2620160
2620872
2622234
2622872
2625110
2626656
2628938
2629481
2630310
2630865
2632535
2634070
2635602
2635814
2637356
2638652
2639283
2640575
2641804
2642844
2644283
2644864
2647325
2652287
2653339
2654158
2654933
2656358
2656736
2657083
2658935
2659467
2659886
2660289
2661531
2662131
2663323
2664245
2665244
2666715
2667846
2668896
2668071
2670393
2670908
2671228
2672037
2673249
2673768
2674688
2675761
2676825
2678361
2679367
2682745
2684056
2685507
2687025
2687408
2688803
2689506
2691098
2691340
2695543
2697357
2697857
2698550
2699607
2699923
2700197
2700596
2700998
2701729
2702469
2703386
2704063
2705309
2707124
2707801
2708754
2709404
2710012
2712042
2712764
2714230
2715320
2716010
2716449
2717443
2718528
2719154
2719921
2722613
2724082
2724451
2725746
2726188
2729184
2729444
2731157
2734173
2734295
2735034
2736011
2736883
2737495
2737646
2738905
2740069
2741150
2741725
2742393
2743609
2744107
2744530
2745339
2745918
2746185
2747795
2748753
2750060
2750708
2751709
2753456
2753946
2754298
2754764
2755378
2755955
2757400
2758600
2758856
2760394
2761173
2763540
2765153
2765776
2766991
2767355
2768573
2769486
2770404
2770681
2771124
2771615
2772154
2773182
2775021
2775816
2776377
2776868
2777077
2777432
2777782
2777985
2782726
2783304
2785011
2785837
2788649
2789962
2791250
2792721
2794015
2795653
2796336
2796786
2797028
2797510
2798044
2798495
2799613
2799994
2800475
2800968
2801375
2803492
2804461
2806017
2807074
2808124
2809493
2810354
2810679
2811300
2812599
2814154
2814733
2814879
2816439
2816940
2817503
2817860
2818135
2818274
2818549
2818645
2819146
2822011
2822639
2823769
2824346
2825576
2826395
2827351
2827733
2828516
2828980
2829820
2830778
2832289
2833915
2835045
2837425
2838105
2839264
2840981
2842414
2843043
2843446
2844210
2844752
2846471
2847412
2849241
2849849
2850435
2850997
2851873
2852136
2853257
2854264
2856416
2856806
2859654
2860416
2861234
2862338
2863501
2864231
2865012
2866465
2867551
2868753
2869519
2870274
2871304
2871780
2872490
2872820
2873337
2873992
2875419
2876329
2877618
2878853
2879772
2880387
2881048
2882142
2882637
2884138
2887219
2887409
2888312
2890099
2891898
2892579
2893928
2894179
2894771
2895779
2896555
2897870
2899418
2900273
2901869
2903374
2905418
2905697
2906583
2907941
2909666
2910685
2911091
2911339
2913651
2915000
2917813
2919385
2920746
2922100
2922984
2923784
2924113
2924524
2925280
2926196
2927672
2929518
2930943
2931810
2933013
2933688
2935551
2937359
2938886
2939310
2940099
2941243
2941631
2942567
2942901
2943145
2944542
2944985
2945842
2947178
2947463
2947573
2947683
2949010
2950573
2952461
2956003
2958884
2962428
2962764
2963156
2963716
2964177
2965155
2966037
2968434
2968977
2970351
2971133
2971489
2972637
2973862
2976014
2976189
2976385
2977630
2978899
2979956
2980635
2982182
2983258
2984124
2985592
2987076
2988168
2989311
2989786
2989899
2990360
2991043
2991759
2993470
2993856
2994441
2995092
2996020
2996360
2997277
2997600
2998828
2999057
2999891
3002603
3003492
3003968
3005786
3007452
3008706
3009975
3011413
3012393
3014239
3015057
3015738
3019158
3020489
3021319
3024186
3025751
3027085
3028488
3029012
3030931
3032815
3032942
3033613
3035174
3036282
3038106
3038822
3039743
3040376
3040823
3041070
3042293
3043148
3043623
3045101
3045901
3049041
3049549
3050667
3052317
3053518
3054840
3055444
3055941
3056165
3056789
3056988
3056949
3058410
3059325
3059701
3060646
3062994
3063982
3064778
3066280
3067173
3068080
3068808
3069807
3071244
3072622
3073691
3074689
3075195
3076182
3077456
3078859
3079330
3081635
3082671
3083797
3085911
3086051
3086402
3087860
3089678
3090252
3091054
3091865
3092828
3093500
3093916
3095080
3095802
3096386
3096673
3097274
3098403
3099565
3100728
3101623
3102133
3102852
3104065
3104368
3105512
3106970
3109155
3110260
3110441
3111126
3112090
3112941
3113477
3114352
3119112
3121279
3123805
3124231
3125459
3126522
3128021
3129036
3130143
3131194
3132408
3133212
3133957
3134823
3136371
3138522
3139593
3139964
3140318
3140799
3141286
3142989
3144164
3145140
3146261
3146737
3147691
3148937
3149471
3150546
3151243
3151984
3153423
3154222
3155218
3156518
3157450
3158576
3158884
3161146
3162669
3163481
3165973
3167718
3168246
3168544
3169231
3169676
3170487
3171833
3172211
3173111
3173456
3175396
3176006
3176833
3177280
3177910
3179596
3180415
3181581
3182407
3183323
3184466
3185130
3185965
3186090
3189865
3186552
3187415
3190630
3191696
3191939
3192837
3194525
3194865
3194825
3195240
3195200
3196753
3199641
3200965
3201827
3203129
3204131
3204589
3205311
3206256
3207374
3207976
3209487
3210543
3210996
3212852
3214888
3215473
3215673
3216491
3217402
3219076
3220873
3221247
3222449
3225725
3226171
3227667
3228871
3231239
3233683
3234144
3234455
3235875
3236463
3237232
3238297
3239545
3241188
3241744
3243314
3244741
3246522
3247428
3248435
3248822
3249337
3249680
3250087
3250376
3250954
3252010
3252669
3253267
3254214
3255020
3255207
3256651
3258010
3259649
3260110
3262418
3263660
3265017
3266028
3267065
3267598
3268393
3269602
3270592
3271770
3272751
3273557
3274907
3276853
3277337
3277801
3278665
3280194
3280690
3281075
3281625
3283130
3284003
3284646
3285488
3286269
3287025
3288010
3288785
3291330
3292432
3293335
3295436
3295789
3296399
3296984
3298138
3298846
3299492
3299915
3300268
3300758
3301276
3302480
3303367
3304455
3305817
3307860
3307933
3308924
3311168
3311398
3311684
3312777
3313178
3316014
3317526
3318006
3318289
3319980
3321613
3322158
3322505
3324070
3324911
3326935
3327664
3328083
3328715
3330396
3331754
3332735
3333119
3333451
3334681
3335187
3336494
3336803
3337256
3337891
3338461
3339248
3340065
3341252
3342252
3342839
3343411
3343937
3344669
3346150
3346460
3347069
3347969
3348238
3349084
3349809
3350459
3350697
3353025
3354050
3359185
3360616
3361940
3362786
3365188
3365551
3366929
3366718
3367642
3368954
3369478
3370350
3371036
3372574
3373576
3374489
3376236
3376776
3377420
3378207
3378651
3379997
3380589
3382110
3383267
3384268
3385173
3385801
3386129
3388188
3389126
3389337
3390449
3392028
3396258
3397795
3398378
3398875
3399978
3401087
3403332
3404458
3404637
3405031
3405906
3407266
3407617
3409058
3409951
3411245
3411567
3412537
3412800
3413465
3415021
3418137
3418611
3420066
3421315
3422428
3423194
3423542
3423655
3423787
3426783
3427033
3427152
3428762
3429790
3430023
3430838
3431415
3431962
3432464
3433560
3434199
3435161
3436496
3437894
3438434
3438649
3439130
3439509
3439999
3441029
3441675
3442098
3442471
3442734
3444097
3444539
3444722
3445229
3445597
3446140
3446545
3446884
3447438
3447767
3448149
3448568
3448759
3449169
3449883
3450233
3450526
3451364
3451684
3452286
3452926
3453270
3453927
3455398
3456393
3458329
3459820
3461013
3461460
3461977
3462351
3462931
3463907
3465085
3465543
3466220
3466725
3466991
3469853
3471329
3473514
3474081
3474552
3474965
3475332
3475718
3476440
3477419
3477858
3478497
3478792
3480607
3481161
3483202
3484224
3484436
3485359
3485818
3486752
3488893
3490180
3490829
3491463
3491620
3492297
3493749
3496554
3496877
3497809
3499201
3499615
3501247
3502290
3503170
3503952
3504783
3506020
3507336
3507701
3508590
3509813
3510976
3511422
3512344
3513638
3514389
3515059
3515913
3517306
3518486
3519064
3520703
3521019
3521449
3521972
3522751
3525423
3526149
3528604
3529337
3529749
3530652
3532439
3534440
3535868
3536584
3537288
3539706
3540390
3542728
3542964
3544045
3544844
3545565
3546199
3547875
3550070
3552473
3555790
3556849
3558079
3559866
3560605
3561452
3561823
3563518
3564005
3566581
3568033
3569328
3571319
3573502
3574878
3575664
3577061
3577592
3578726
3579645
3580805
3581016
3581626
3583041
3583418
3584309
3583758
3584180
3585043
3586823
3587383
3588113
3589180
3590027
3590911
3592325
3593437
3594206
3595480
3596403
3597560
3598367
3599658
3600783
3602086
3602747
3604243
3604989
3605248
3605610
3606377
3608649
3608996
3609882
3610512
3611733
3612914
3613556
3615241
3616185
3617015
3617779
3618582
3618989
3623427
3623782
3624237
3625514
3626803
3629538
3630602
3632590
3634458
3635893
3637410
3639141
3639720
3640545
3642331
3643132
3645182
3646227
3647651
3647788
3648146
3648377
3648881
3650224
3650662
3652031
3653713
3653198
3654527
3655213
3655902
3656292
3656740
3657567
3658054
3658893
3660389
3663527
3664618
3664968
3665810
3667580
3669188
3671241
3671894
3673313
3674375
3676108
3678350
3679187
3680348
3681940
3683447
3685618
3689173
3690261
3692607
3695236
3695985
3696185
3698029
3698217
3699893
3700087
3700201
3701834
3702868
3703848
3704761
3705790
3707705
3708692
3710475
3712007
3712934
3713655
3714092
3716394
3717206
3718284
3719044
3719768
3720261
3720632
3720600
3721201
3722049
3722105
3724397
3725318
3725712
3726882
3727361
3727748
3729371
3730765
3732123
3733742
3734901
3736157
3737177
3739527
3740958
3741582
3742532
3743731
3744210
3744801
3746081
3747080
3748580
3749239
3750092
3750781
3750914
3751109
3751868
3752966
3754099
3754428
3756511
3757827
3759861
3761249
3761955
3766316
3767179
3768165
3768638
3768890
3769256
3769783
3770146
3771379
3771744
3774194
3775572
3776159
3776380
3777027
3779054
3779830
3781017
3781688
3782562
3783661
3784128
3784442
3785015
3786804
3788097
3789060
3790081
3791345
3792551
3793683
3794919
3795975
3796938
3798207
3799312
3800196
3800965
3801999
3803058
3804137
3805116
3805950
3807067
3808098
3809817
3810304
3811152
3811417
3811674
3812559
3813951
3814387
3815090
3815768
3816549
3817539
3818584
3819491
3821170
3822051
3822381
3824508
3825204
3827291
3828665
3830336
3832166
3834537
3835929
3836316
3836556
3838137
3839171
3839993
3840508
3841739
3842402
3843789
3845730
3847167
3848624
3850136
3850726
3851092
3852784
3852988
3853257
3853642
3855106
3855611
3855970
3856307
3856864
3858404
3860116
3861176
3861987
3863603
3864615
3866273
3866897
3867422
3868060
3869309
3870441
3871730
3872998
3873612
3874474
3875160
3876094
3876952
3877465
3880119
3881221
3882321
3883729
3884476
3884852
3885073
3886722
3888192
3888509
3890145
3891483
3892790
3893724
3894630
3895218
3896609
3897439
3897973
3898609
3899393
3900577
3902220
3903701
3905597
3906567
3907578
3908366
3909439
3910398
3911525
3913668
3915200
3915972
3917375
3918265
3919857
3920403
3920888
3921189
3922051
3922440
3923680
3925633
3926455
3927003
3928147
3929603
3931093
3933184
3933770
3935283
3936253
3937168
3938223
3939219
3940612
3941327
3943349
3943510
3946607
3946819
3946948
3947032
3947967
3948424
3949969
3950420
3950557
3952204
3952464
3953413
3955328
3956875
3957820
3959445
3959813
3960460
3962698
3964229
3965630
3966090
3967676
3969019
3970077
3971263
3972522
3973589
3974489
3975141
3976276
3977528
3978604
3979953
3980696
3982272
3982451
3982585
3982692
3982811
3984193
3986007
3986638
3987882
3989066
3989828
3990766
3993699
3994059
3994725
3995586
3996290
3997183
3997899
4000145
4001056
4002376
4002799
4003193
4004178
4004697
4005731
4007693
4008377
4009059
4010192
4011000
4011975
4012816
4015314
4016169
4017192
4018760
4019610
4020229
4020229
4021866
4022214
4022733
4023512
4024336
4024821
4026481
4027228
4028772
4030971
4032492
4033106
4034596
4035153
4037072
4037217
4037335
4040423
4040636
4041433
4041999
4042338
4043401
4044044
4045629
4046602
4049752
4050007
4050765
4051280
4051856
4053418
4053757
4055278
4056339
4058034
4060230
4061157
4062145
4063512
4064295
4065766
4067194
4069276
4070401
4071756
4072651
4073571
4074635
4075454
4076152
4077018
4077452
4078438
4079509
4079969
4081228
4081860
4082759
4085822
4086849
4088057
4089855
4090925
4092366
4092823
4093438
4094272
4095982
4097448
4098572
4099494
4100525
4101430
4102673
4103496
4104975
4105670
4106320
4107371
4108514
4109823
4110685
4111507
4112214
4112755
4113266
4113721
4114472
4115579
4117222
4118090
4118760
4119330
4120349
4121747
4122287
4123339
4124456
4126810
4127225
4127894
4128395
4129832
4132267
4133506
4136015
4137013
4137657
4139035
4139708
4142221
4143609
4143944
4146292
4147136
4147479
4148317
4150265
4153098
4154847
4156005
4156789
4158223
4158394
4159407
4160790
4161771
4162130
4163270
4165483
4166285
4168200
4168447
4171544
4171756
4173085
4174047
4175026
4175463
4175556
4175747
4175829
4177128
4177741
4178288
4178875
4179583
4180493
4180925
4185273
4189573
4190325
4190487
4191868
4192635
4192837
4193576
4194204
4196099
4196808
4197676
4198780
4199461
4200094
4200553
4201261
4201688
4203323
4204645
4205931
4207532
4209688
4209849
4212946
4213159
4213617
4214123
4215209
4217079
4218413
4220332
4222487
4223628
4227511
4229362
4230142
4231226
4231631
4233233
4235407
4236148
4236900
4237634
4239730
4240055
4240735
4242254
4243516
4245075
4246419
4247899
4249311
4250474
4252283
4253003
4253888
4256466
4257005
4257723
4259121
4259446
4260003
4260575
4261306
4262706
4263082
4264231
4265729
4266861
4268307
4269012
4270127
4270654
4271014
4273871
4274661
4275041
4277057
4277383
4277933
4278066
4279828
4281629
4283075
4284902
4285213
4287371
4289200
4289811
4290479
4291432
4293170
4293546
4294139
4295794
4297125
4299366
4301030
4303078
4304109
4304403
4306597
4307799
4308478
4309469
4310980
4312042
4312991
4313799
4314197
4315102
4315538
4316082
4317218
4317895
4318764
4319606
4320663
4321247
4321696
4322422
4323230
4324352
4325165
4325741
4326734
4329363
4330238
4332004
4332205
4333272
4333950
4335590
4337031
4337929
4340521
4341628
4343266
4344790
4345558
4347326
4348744
4350034
4351662
4352073
4352357
4352880
4353081
4354717
4356411
4358617
4360031
4361934
4362353
4362626
4363308
4365042
4365356
4366773
4368327
4369140
4370412
4370981
4372671
4373162
4374234
4375657
4376265
4376442
4376699
4377192
4377722
4378944
4379366
4379772
4380517
4382318
4383620
4385341
4385707
4386018
4389370
4390360
4391509
4392149
4392435
4392547
4392658
4392945
4394067
4395613
4396046
4397402
4399259
4400202
4400596
4401952
4403297
4404304
4404583
4405985
4406615
4409095
4410006
4410534
4411251
4411961
4412377
4413025
4414191
4415900
4416292
4416770
4417701
4418453
4419625
4421377
4421698
4422172
4422836
4423700
4424386
4424791
4425513
4425834
4426066
4426557
4427422
4428095
4428717
4429555
4431276
4431983
4433056
4434024
4434493
4436565
4437495
4438645
4439262
4439793
4441215
4442176
4444115
4447891
4448235
4448698
4449042
4449652
4450918
4452560
4453596
4454578
4455609
4457158
4457865
4459311
4459855
4460364
4462660
4464709
4466180
4467246
4467484
4470321
4470913
4471447
4472395
4472533
4473209
4474053
4474717
4475314
4477251
4478311
4478889
4479537
4480926
4483837
4484280
4485951
4487318
4488400
4490063
4491139
4492525
4493351
4494406
4495186
4496209
4496489
4497940
4498637
4499500
4500791
4501589
4503431
4505275
4506405
4506573
4506856
4507109
4507451
4509479
4509793
4508617
4508942
4510133
4511457
4512414
4513409
4514308
4516677
4517717
4518235
4518802
4519224
4520324
4522020
4524094
4525010
4525803
4526888
4527537
4527980
4528066
4528917
4530243
4530533
4531651
4532310
4533183
4533784
4534053
4534675
4536031
4537594
4538765
4539501
4541559
4542633
4543663
4544267
4545029
4547732
4548272
4548788
4549710
4551296
4552820
4554361
4555349
4556320
4557385
4558289
4559526
4560000
4560680
4561484
4562675
4563603
4564689
4565850
4567246
4568519
4569918
4571574
4571915
4573916
4576855
4577958
4579337
4579840
4579911
4581462
4583048
4586761
4587863
4588865
4589079
4591279
4593312
4594722
4595851
4597012
4599441
4600189
4600975
4601517
4602097
4602858
4604202
4604837
4605663
4606040
4606165
4606286
4606401
4607700
4608216
4608631
4609323
4611003
4612001
4612289
4613484
4614260
4615543
4617065
4618102
4619551
4620826
4621602
4623100
4624117
4624789
4625863
4627294
4628547
4630522
4632670
4633086
4633745
4634444
4635310
4635994
4636696
4638120
4639530
4640306
4640542
4641628
